filename,chroma_stft_mean,chroma_stft_var,rms_mean,rms_var,spectral_centroid_mean,spectral_centroid_var,spectral_bandwidth_mean,spectral_bandwidth_var,rolloff_mean,rolloff_var,zero_crossing_rate_mean,zero_crossing_rate_var,harmony_mean,harmony_var,perceptr_mean,perceptr_var,tempo,mfcc1_mean,mfcc1_var,mfcc2_mean,mfcc2_var,mfcc3_mean,mfcc3_var,mfcc4_mean,mfcc4_var,mfcc5_mean,mfcc5_var,mfcc6_mean,mfcc6_var,mfcc7_mean,mfcc7_var,mfcc8_mean,mfcc8_var,mfcc9_mean,mfcc9_var,mfcc10_mean,mfcc10_var,mfcc11_mean,mfcc11_var,mfcc12_mean,mfcc12_var,mfcc13_mean,mfcc13_var,mfcc14_mean,mfcc14_var,mfcc15_mean,mfcc15_var,mfcc16_mean,mfcc16_var,mfcc17_mean,mfcc17_var,mfcc18_mean,mfcc18_var,mfcc19_mean,mfcc19_var,mfcc20_mean,mfcc20_var,label
,,,,,,,,,,,0.0560398087055298,,,,,,,,,,,,,35.8776473999023,,,,,,,,,,,,,,,,,,,,,,,,,,,,,,,,,,blues
,0.404784709215164,,,,,,,,,,,0.0004227589870948,,,,,,,,,,,,,,,,,,,,,,,,,,,110.236686706543,,,-2.48017382621765,,,,,,,,,,0.636965036392212,,,,,,blues
,,,,,,,,,,1427843.94194519,,0.0004415341143935,,,,,,,,,,,,,,,,,160.658737182617,,,,,,,,65.7822036743164,,,,,,,,,,49.7237892150879,,,,,,,,47.180492401123,,,blues
,,,,,,,,,,,0.061344061170727,,,,,,,,,,,,,,,,,,,,,,,,101.543983459473,,102.210723876953,,,2.54942154884338,,,,,,,,,,,82.9353256225586,,85.9429244995117,,,-2.09808111190796,,blues
,,,,,,,1573.50027547037,84832.4217944202,,,,,,,,,,,6201.41650390625,,,,,,,,,,,,,,,,,,,,,,,,,,,,,,,,,,,,,,,blues
,,,,,,,,,,,,,,,,,,,,,,,,,,-5.38500785827637,,,,,145.485366821289,,,,,,116.168853759766,-20.7632255554199,,,,-17.1080875396729,,,,,43.7311935424805,,,,,,,,,,,blues
,,,,,,,,,,,,,,,,,129.19921875,,,,,,,,,,,,,,,,,-16.5855350494385,,,,-24.2092514038086,,,,,,,,,,,,,,,,,,,,blues
,,0.0861030146479607,,,,,,44071.2619401118,,,0.0753237081883217,,,0.0088994530960917,,,,,,,,,,,,,,,,,51.3960342407227,,,,,,,-22.2019081115723,,5.42194652557373,,,,,40.6940383911133,,,,,,,,,,,,,blues
,,,,,,,,,,,,,,,,,,,,,,,370.773376464844,,,,,,,,,,,-13.3135614395142,,,79.6878356933594,,,,,,,,,,,,,,,,,,65.3473663330078,,,blues
,,,,0.0004576867795549,1318.19146518724,,,,,,,,,,,,,,,,,,,,,,,,,,,10.4163627624512,,,,,80.2445220947266,,,,,,,,,-12.6111297607422,,,,,,,,,,,,blues
,,,,,,,,50613.6983109879,,,,,9.71864392340649e-06,,,0.0111525906249881,107.666015625,,,,,,,68.2624740600586,,,,22.7471694946289,,,,,,,,,,,41.3377456665039,,,,,,,,,5.31979131698608,,,,1.94959735870361,,,,,,blues
,0.306965827941895,,,,,292658.232877556,,,,548033.725606177,,,,,,,,,,,,,,,,,,,,,46.7625427246094,,,,,,45.9407081604004,,,,,,,,,,,,,,,,,-13.3406925201416,,,,blues
,,,,,,,,,,,0.123819514936195,,,,0.0011235364945605,,,,733.091918945313,,,,,,,,,,,,,24.4656600952148,,,,,,,,12.5099077224731,,,,,,,,5.04313659667969,,,,,,,,,,blues
,,,,,,,,,,,,,,,-0.0002739696938078,,,,,,,,,38.4524421691895,,,,,,,,,,,,,,-12.0765180587769,,,64.3430709838867,,,,,,,,,-9.47296619415283,,,70.2011642456055,,,-1.30421411991119,,blues
,,,,,,,,,,1229142.48056844,,,,,,,112.34714673913,-38.9741706848145,,,,,,,,,,,,,,,,,,,,-14.3739423751831,51.6513328552246,,,,53.2882881164551,,,,,,,,,,,-4.38460874557495,,,,blues
,,,,,,,,,,2195765.47494318,,0.001155074587397,1.17784459519044e-07,0.0181404259055853,,,,,,,,,,,,,,,,,,,,,,,,-6.6612606048584,,,,,,0.415060311555862,,,,,,,,,,,,-5.7370433807373,,blues
,,,,,,,,,1600.32667261818,,,,,,,,,-332.412689208984,7286.0185546875,,,,,,,,,,,,,,,-3.87585425376892,,,,,,,,,,,,,,,,,,,,,,-3.43142461776733,,blues
,,,,,,,,232533.070058498,,,0.050879057303751,,-7.82106963015394e-06,,,,,,,,,,763.343994140625,,,,,,,,,,,,74.1072692871094,,,,,3.6576189994812,,-1.44616425037384,,,,,,,,,,,68.1567459106445,,,,,blues
,,,,,,,,,2754.85941805032,,,,,,,,,,,,,,,,,,,,,-11.2111921310425,,,,,,,,,,,147.576171875,,,,,,,,,,,,66.8050003051758,,,,,blues
,,,,,,,1629.7564323592,,,,0.0787779298385538,,,,-8.05604504421353e-05,,,,,,,,,,,,,,,,,,,,,,,,,,,,,1.46270251274109,,,,,143.199127197266,,,,,,,0.754724025726318,,classical
,,,0.0114332512021065,,,,1562.11472585666,,,,,0.0006384558782601,,,,,,,,,,,,27.5231018066406,,,,,,,,,,,,,,,,,,,,,,,,,,,138.801864624023,,,,,,,classical
,,,,0.0010307827033102,,,,,,,,,,,,0.0001514279429102,,,,,,,,,,,,,,,99.7529144287109,,53.587345123291,,,,,,,,,,,,,,,,,,100.365051269531,,,,,,,classical
,,,,,,,1320.68623287954,,,,,,,0.0005499004037119,,,,,,,,-0.856800317764282,,,,,,,,,,,,,106.801223754883,6.74562931060791,,,,,,,,,,,,,,,,,,,,,,classical
,,,,,,,,,2398.55401908715,,,,,,,,,,,,,,,20.7922744750977,,,,,,,,,,,,,,,,,63.4284019470215,-3.07713937759399,,,,,,,,,,,,,,-1.47208940982819,,classical
,,,,,,,,,,,,,,,,,,,2900.54711914063,,,,,,,,,,,,,,,,135.836196899414,,173.5390625,,,-0.299757868051529,,,122.261512756348,,,,134.353103637695,,,5.03143310546875,,,,,,,,classical
,,,,,,,,53244.699258216,,,,,,,,,,,,,,-31.4813652038574,,,,,,,,,,-1.62642121315002,,,,,,,,,,,,,,,,,,,,,,-3.68054842948914,,-3.433260679245,,classical
,,,,,,,,,,,,,,,,,,,,,,,,,,,,,,,,,,,,,,,,-1.90092897415161,,,,,59.219913482666,,,,,,,,53.6252670288086,,,,,classical
,,,,,,,,,,,0.0494870969885924,,0.0001803828927222,,,,,,,,,,,44.2658348083496,,,,,,,,,,,,,,,,-1.34842753410339,,,,,,,,,,,,-4.10984039306641,,,,,,classical
,,,,,,,,,,,,,,,,,,,,,,,,,,,,,,,,,,,,,,,,,,,,,,,93.1704025268555,,,,,,,,,,,classical
,0.281773209571838,,,,,,,,,,,,,,,,,,,,,,,,,,,,,,,,,,,,,,,,,,,,,,,,,,,-5.41074466705322,,,,,,classical
,0.199008449912071,,,,,,,,,,,,,,,,,,,,,,,,,,,,86.2121810913086,,,,,,,,,,,,,,,-0.466234773397446,,,,,,,,,46.1043472290039,,38.0126762390137,-4.81921339035034,,classical
,,,,,,,,,,,0.075862970079273,,,,,,143.5546875,,,,,,,,,,70.197998046875,,,,51.7558364868164,,101.576301574707,,,,,,,,,1.64988124370575,,,,,,,,,,,60.3021812438965,,,,,classical
,,,,,,,,,,,,0.0008176006818983,-0.0001257367694051,,,,,,6762.60009765625,,,,,,,,,,35.3206901550293,,,,,,,,,,,,,,,,,,,,,,,,55.3147125244141,,,,,classical
,,,0.0588159747421741,,,,,,,,,0.0005150535622814,,,,,,,,,,,,,,,,-3.93168449401855,,,,,,,,,,,,,,,,,,0.0601216107606888,,,,,,1.47757196426392,61.5141143798828,,,,,classical
,,,,,,,,207167.296700678,,,,0.0001264084619658,,4.94646446895786e-05,,,,,,,,,,,,,,,71.4397125244141,,,,,,,,,,,,,,,5.70540380477905,,,,,,,,,,,,,,classical
,,,0.0238532517105341,,,,,,,,,,,,,,,,,,,,,,,,81.0939559936523,,,,,,,,,,,,,16.3975391387939,,,,,,,,,,,92.0552520751953,,105.87850189209,2.80601477622986,125.604339599609,,,classical
,,,,,,,,,,,0.108249649555298,,,,,,,,,,,,546.51171875,,,,,,,,,,,,,,,,,,,,,,,,,0.933314323425293,,,85.8547973632813,,,,,,,classical
,,,,,,,,,3427.24326149217,,,0.0038539669104502,-0.0010360678425058,,-0.0002423787955194,,,,,,,,,,,,,,,,,,123.884078979492,,,13.7893724441528,,,,,,,,,,,128.521636962891,,,,,,,-3.41508436203003,,,,classical
,,,,,1525.1238505471,,,,,,,,,,,,,,,,,,,,,,,,,,,,,,,,,,36.4751205444336,,,,,,,,,,,,,,,,74.8285827636719,,,classical
,,,,,,,,,4347.88204228546,,,,,,,,,,,,,,,40.9803009033203,,,,,,-0.183442950248718,,,,,,,,,,,,1.99636662006378,,,,,,,,,,,,,41.1315879821777,,,country
,,,,,,,,,5479.95946173863,,,,,,,,,,,,,,,,,,,,,,,,,,,,,,,,,,,,,,,,,,76.7670440673828,6.39366626739502,,,,,,country
,,,0.0389201454818249,,,,,,,,0.0354636443832173,0.0018982307450734,,,,,,,,,,,,24.2129459381104,,,,,,,,,,,,,,,,,,,,-4.24444580078125,,,,,,,72.9600982666016,,,,,-3.42506861686707,,country
,,,,,,,,,,,,,,,,,,-194.296722412109,,,,,,,,,290.780548095703,,,,,,,-5.85594797134399,111.171813964844,,,,,,67.1619644165039,,,,,,,,51.8039436340332,,,,,,,,,country
,,,,,,,,168320.144926116,,,,,,,,,,-100.74243927002,,,,,,29.1064357757568,,,,,,,,,,,,,58.9536018371582,,,,,,,,33.1805229187012,,,,,,42.2499504089355,,,,,,,country
,,,,,,,,,,,,,,,,,,-171.220108032227,,,,,,,,,,,135.404602050781,,72.8984146118164,,,,,,,0.709893465042114,,,,-6.5047664642334,,3.78388810157776,,,,,,,,,41.762508392334,,,,,country
,,,,,,791564.514767825,,,,,,,,,,,,,,,,,,,,,148.473831176758,3.77102971076965,,,,,76.5106353759766,,,,,3.16162419319153,,,,,,,,,,,,,,,,,,,,country
,,,,0.0011473261984065,,,,,,,,,,,,0.003021813230589,,,1672.98413085938,,,,,,,,,,,8.55666351318359,,,,,,,140.307647705078,,87.9863967895508,,,,,,,,,,,,,,,,,,,country
,,,,,,,,,,2144435.78639568,0.12114926225348,,,,,,,,,,,,,,,,,,,,,,,,,,,,,,,,,,,,,,,,,,,-4.50933885574341,,,,country
,0.43765527009964,0.0751038119196892,0.0963778868317604,,,,,,,,0.2123672237529,0.0038961118281588,,,,,123.046875,,,,,,,,204.401489257813,,,,,,,,86.2909469604492,,,,,,55.2141952514648,,,,,,,,,,,,,,,,,,,country
,0.310359746217728,,,,,,,,,,0.0941000670678654,,,,,,,,,117.910217285156,,,,,,,,,,,,,,,,,,,,2.88635802268982,56.0687217712402,-12.3615560531616,,,,,,,,,,,,,,,,country
,,,,,,,,,,,,,,,,,,,,,,11.1930980682373,,,,,,,,,,,,,,,,,,3.18269228935242,,-0.767594337463379,,,,,,,,,,,,,,,,country
,,,,,1261.47257062598,,,,,,,,,,,,,,,,,,,,,-3.84073185920715,,,,,,,,,115.156806945801,,,,,,,-16.8046035766602,,,,,,,,,,,,,,,,country
,,0.0837781876325607,,,,234048.99725885,,,,,,0.0006933067932736,,,,,,,,,477.127990722656,,,51.6018829345703,,,,,,,,,,,,11.8288135528564,,,,,,,,,,,,,74.5339813232422,,,,,,,,,country
,,,,,,180623.725463263,,,,,0.12120930611949,,,,,0.0069549209438264,,,,,,,,,,,,,,,,,,,,,,,,,,-11.3433704376221,39.886604309082,,,,45.2433433532715,,,,,,28.0463333129883,,,,,country
,0.380838483572006,,,,,,,,,,,,,0.0270237382501364,,,,,,,,,259.696533203125,,,,,,,,,,65.8960876464844,,,,69.3694076538086,,,,,,48.460018157959,,,,,4.56368255615234,,,,1.0623459815979,,,,,,country
,,,,,,,,,,,,,,,,,,,4400.759765625,,,,,,,,,,144.607971191406,,,,,,,,,,,,,,,,58.2537574768066,,,,,,32.3288917541504,,41.7816429138184,,,-3.59271812438965,,disco
,,,,,,,2768.0438738773,,,,,,,,,,,-28.9965286254883,,51.8600234985352,,,,,181.343780517578,,,,,6.88548707962036,,,53.5597953796387,,,,,,,,,,,,,,44.1131248474121,,,,,,,,,,,disco
,,0.07936991751194,,,,,,,,,,0.0041971725879793,-2.54542305810901e-06,0.0038070112932473,,,123.046875,,3439.92333984375,,,,,,283.559265136719,,,-1.74922871589661,140.344833374023,,,-3.18056130409241,,,77.6427383422852,-4.08356809616089,,,,-5.48203611373901,,,,,,-1.71022570133209,,,,,,,,,,,,disco
,,,,,,,,,,,,,,,,,135.999177631579,,,,,,,,,,,,,,,,,,,,68.8634262084961,,,,,,,-2.27774357795715,,,,,,,,,,,,,,disco
,,,,,,,,,,,,,,,,,,,,,,,,,,,,,,,,,,,71.1389617919922,,,,,,,,,,,-3.04664826393127,,,,,,0.726222634315491,,,,,,disco
,0.434573084115982,,0.173133075237274,,,,,,,906794.696821512,,,,0.0110491570085287,,,,,,,,,,,,,,11.861255645752,,,,,,,,7.33992528915405,,1.96292221546173,41.5071220397949,,47.0729522705078,,,,,,,,,,,,,,,,,disco
,0.394021511077881,,,,,,,,,,,,,,-1.00276301964186e-05,,,,3509.17797851563,,,,,,,,,,,,,,,-2.50603628158569,,,,,,,,1.29510831832886,,,,,,,,,,,,,,-3.30511808395386,,disco
,,,,,,,,,,,,0.004336851866243,,,-8.1276120909024e-06,,,,,,,,,,,,,,146.851089477539,,,,,,,,,,,-4.59159421920776,,,45.6157188415527,-1.87896609306335,,,,,,,,,,,,,,disco
,,,,,,,,,,,,,,,,,,,,,,,708.924560546875,,,-10.7909383773804,164.051254272461,,,,118.034782409668,,,,,4.80102777481079,,,,,,,71.0879516601563,,,-1.74638473987579,,,,3.40432143211365,,,,,,,,disco
,,,0.1123151704669,,,,,,,,,,,,5.74632713323808e-06,,,,,,,,,,,-8.36772060394287,,,,-12.4639301300049,,,,,,,,,,,,,,5.77461576461792,,,,,,-7.34872817993164,,,,,,,,disco
,,,,,,,,,,,,,,,,,,,,,,-34.2393913269043,,,146.667434692383,,,31.2559432983398,,,95.3860015869141,,,,,,,,,,,,,,,,,,,,,,,,,,,disco
,,,,,,,,,,1779063.99434962,,,,,,,,,11366.1171875,,,,,,,-5.37834405899048,,,,,,,,,,23.4368896484375,,,,,,,,,,,,,,,48.1542854309082,,,,,,,disco
,,,,,,,,,,,,,,,,,,,3067.63891601563,,,,,,,,,,,,,,,,,,,,,,,-8.84507083892822,,,,-9.29130363464355,52.5924453735352,,,,,,,,,,,disco
,,,,,,,,,,,0.115833680756961,,,0.0125911198556423,,,,,,,,-2.09094309806824,,,,,,,,,,,147.211669921875,,,,,,,,121.420753479004,,,,,,,,,,,,,,,,,disco
,,,,,,,,,,,,0.0038579300401087,,,,,,,,,,,,,,,,31.3538646697998,,,,,,-8.25455665588379,114.874252319336,,,,,,,,,,,,,,,,,,,,,,,disco
,,,,,,,,,,,,0.0033747399730959,,,,,129.19921875,,,,,,,,,,,,,,,,,,,,,,,,45.8308906555176,,,,,,,6.92743587493896,,,,,,,,,,disco
,,,,,,,,,,,,,,,-1.18401503641508e-05,0.0043933475390076,,,,,451.430541992188,,,,,,,,,,,,56.0218353271484,,54.2221565246582,,,-15.6640748977661,,,,-18.1097450256348,43.558048248291,,,-14.6046772003174,,,48.210147857666,,,,,-10.5524654388428,,,,disco
,,,,,,,,,,,,,,,-0.0012930512893945,,,,,,,,,,,,,,,,,,,,,18.5027732849121,,,,,,,,,,,,,,,,2.72503352165222,,,,,,disco
,,,,,,,,,,,,,-0.0033524760510772,,-0.0015437834663316,,,-219.364700317383,,,,,,48.8740615844727,,,,,,,,,,,,,,,,,,,,,,-9.2129602432251,62.134521484375,,,,,,,,,,,disco
,,,,,,,2108.70227674774,157575.946094453,,,,,,,,,,-114.882385253906,,,,,,,,-10.3186330795288,,,84.0283279418945,,,,,,,,,,,,,,47.2346229553223,6.2220458984375,,,,,,,,,,,,,,disco
,0.370684772729874,,,,,,,,,,,,,,,,,,,89.8527908325195,,,,,204.391815185547,,,28.269474029541,,,,,,,,,,,,,,,,,,,,,,,,,,,,1.82809555530548,,disco
,0.440995067358017,,,,,,,,5385.61564222013,,0.112569409198569,0.0026906185623706,,,,,,,,,424.883850097656,,,,203.742889404297,,,,122.128768920898,,,,,,,17.6533489227295,,,,,71.8934783935547,-15.4561672210693,,,,,,,,,,4.7877254486084,,-6.89725780487061,,,,disco
,,,,,,,,,,,,,,,,,,,,,,,,,,,,,,,,,,,,,,,,,,-8.08379364013672,,7.4392876625061,,,,,,,,,,,,,,hiphop
,,,,,,,,,,,,,,0.010054218582809,,,,,,,,,,,,,,,,-11.3644094467163,,,,,90.7194671630859,,84.0547790527344,,,,,,,,,,81.6512756347656,,,,,,,,38.2942543029785,,,hiphop
,,,,,,,,,,,,,,,,,,,,,,,,,,,,,,,,,,,,,,,,,,-4.06809520721436,,,,,,,,,,,16.5647068023682,,,,,hiphop
,,,,0.0084782987833023,,,,,,,,,,,,0.0088797910138964,,,,,,,,,,,,,127.730278015137,,,,,,,,,,,,,,,,,,,,,,,,,,,,,hiphop
,,,,,,2099147.87234057,,,,8263268.2441505,,,,,,0.0108879003673792,,,,,,,,13.5226430892944,,,,,,,,,,,139.928894042969,,,,,,,,,-0.29736590385437,,,,,,,,-5.22931814193726,,,,,,hiphop
,,,0.244055673480034,0.0075788027606904,,,,,,,,,,,-5.23951894138008e-06,,,,,,,,977.045654296875,,,,,,,,,,,,,,,,50.953670501709,,,-3.00908470153809,,,,,,,,,,,,,,,,hiphop
,,,,,,,,,,,,,,,,,,,2874.3955078125,,,,,46.026985168457,,,,,,3.55369234085083,,,,,,,,,,,,,,-3.01557111740112,,,,,34.6341896057129,,,,,,,-4.35831689834595,,hiphop
,0.471839368343353,,,,,,,,,,,,,,,,,,,,2314.22607421875,,,,,,,,,,,,,-1.23180949687958,157.058029174805,,,,,,,,,,,,,,,,,,,,,,,hiphop
,,,,0.0173932705074549,,,,,,,,,,,,,,,,,,,,,,5.15143585205078,,,,,,,,,,,,,,,,,,,,,,,,,75.8606338500977,,,,,,,hiphop
,,,,,,,,,7077.34601580626,,,,,,,,,,,,,,,,,,,,,,,,124.689758300781,,,,,,,,,,,,,3.22810626029968,,1.47691309452057,,,,-3.16271376609802,,,,,,hiphop
,,0.0891859084367752,,0.0055729728192091,,,,,,,,,,,,,,,,,,,749.153869628906,,,,,,,,,,,,,0.129219576716423,,,,,,,,,,,,,,,,,,,,,,hiphop
,,0.0995477586984634,,,,,,,,,,,,,-0.0001633631909498,,,,,,,,299.545379638672,30.0885543823242,,,,,,8.02785778045654,115.698692321777,,,,,,,,,,,,,,69.0503692626953,,,,,,,,,-1.32859897613525,,,,hiphop
,,,,0.0136611387133598,,,,,,,0.0515274555297757,,,0.0422390177845955,,,,,,,,,554.333557128906,37.0023956298828,,,,,,,,,,,,,,,,,,,,,,,62.3336524963379,,,,51.8486213684082,-1.29701018333435,42.5043182373047,-4.24759387969971,,,,hiphop
,,0.0714815929532051,,,,,,,,,,,,0.0082095442339777,,,,,,,,,398.572540283203,,,,,,,,,,,,,,,,,14.5988283157349,,,,,,,,,,,,5.86906433105469,,,,,,hiphop
,,,,,,,,,,,,,,,,,,-89.8740997314453,,,,,,,,,,,,,,,,,,,,,,,,,61.4806213378906,,,,,,,,,,,,,,,hiphop
,,,,,,338117.826804714,,,,,,,,,,,123.046875,,,,,,,,,,,32.6555480957031,,,,,,,,,,-7.31043291091919,,,,,,,,,,,,,,1.03978109359741,,,,,,hiphop
,,,,,,,,,,,0.138551031999227,,-4.77508910989854e-05,,,,,,,,,,,,201.168151855469,,,,127.504180908203,,,,106.920181274414,,,20.4527759552002,,,,,,,,,,,76.3575592041016,,,,,3.96137070655823,,,,,,hiphop
,,0.0819821804761887,,,,277459.329575812,,,,,,,,,-0.0009022724116221,,,,,,,,,,,,,,,,,,,,,,,,,,,,,,,,,8.81870651245117,,,,,,,,,,hiphop
,,,,,,,1812.04349821032,,,,,,-9.7159318102058e-05,,,,,,,,,,,,,,,,171.602600097656,,,,,,,,,-5.96647453308105,,,,,,,,,,,,,,,,,,,,hiphop
,,,,,,,,,,,,,,,-0.0009300186648033,,,,,,,,,,,,,34.3898506164551,,,,,,,,,,,,,,-2.94397783279419,,,,,,,,,,,,,,,,hiphop
,,,,,,675787.629009909,,,,2174541.32237722,,,,,,,,,,,,,,,556.7421875,,,,,,,,,,,,,,,,,,,,,,,,62.948974609375,,,,,,,,,hiphop
,,,,,,,,,4010.87133845708,,,,,,,,,,1731.35998535156,,,,,,,,,,,,,,,,,,,,,12.9322481155396,,-7.26508712768555,,,,,,,,,59.1449508666992,,,,,,,jazz
,,,,,1782.22399990322,,,,,,,,,,,,,,,,327.875762939453,,,39.1113700866699,,,58.3149642944336,,,,,,50.5825424194336,-17.6636390686035,,,,,,,,-6.708655834198,,,,,,,,,,4.8669548034668,,,,,,jazz
,,,,,,278841.275825424,,,,,,,,0.001669495832175,,,,,,,,,,,,,,,,,,,,,,8.64055633544922,,,,,,,67.4043960571289,1.99052381515503,,,,,,,,,,,,,,jazz
,,,,,,,,36027.0390688784,,,0.0877082275957077,,,,,,,,,,,,,,,,37.9142189025879,,,,,,,,27.8614482879639,,,,,,,,,,,-3.85348081588745,47.3792724609375,,,,,,,,,,,jazz
,,,0.0435978695750237,,,,,51458.0468141526,,,,,,,,,,-237.502365112305,,,,,,,,,,,,,,,,,,,,,,,,-7.23836946487427,,,,,,4.50661373138428,,,,2.31238961219788,,,,,,jazz
,0.311699718236923,0.0898226276040077,,0.0015934190014377,1759.48674507195,,1779.59900780093,,,,,,,,,,,,,,,,,,,,,,,,,,45.2801208496094,,,9.19114780426025,,,,1.09632575511932,,,,,,,,,,,,,,,,,,jazz
,,,,,,,,,,,,,,,,,,,2133.28198242188,,,,,,,,,15.7216167449951,,-0.727595269680023,,,65.0740432739258,,,6.06577301025391,,-5.12178564071655,48.4558906555176,,,,,7.18135213851929,,,,,,,,,,,,-0.225058197975159,,jazz
,,0.0883391425013542,,0.0011415343033149,,,,,,,,,-0.0007387826917693,,,,,,,,,,,,,,,,,,,,61.7382431030273,-10.742956161499,,,,,41.7899322509766,,,,,,,,,,,,,,,,,,,jazz
,,,,,,,,,,,,,,,,,,-231.29899597168,,,,,,,,,,6.65707015991211,,,64.3995742797852,,,,,,,-6.30788135528564,,,,,,,,-2.30930209159851,,,,,,,,,,,,jazz
,0.250492632389069,,0.110508248209953,0.0034907062072306,,,,32084.4046138625,,,,,-0.0008657443104311,,,,,,,,,,,,,-15.6595630645752,,,,,,-10.6435070037842,,,,,,,,,,,,,,,,,,,,,,,,,,jazz
,0.358566224575043,,,,1981.66220320847,,,,,,,,,,,,69.8374155405405,,,,,,,,,,,18.8444538116455,,,54.2632865905762,,,,,,,,,,,,,,,,,,,,,-3.32429170608521,,-5.44806528091431,71.1419677734375,,,jazz
,,,,,,,,,,,,,,,-2.98075174214318e-05,,,,,,886.233947753906,-27.5060577392578,,,,,,,,,,,,,58.8494071960449,6.52196168899536,,,,,,,,,,,,,,,,,,,,,,jazz
,0.372673273086548,,,,,,,,,,,,-6.23063460807316e-05,,,,,,,,,,,,,,54.0284614562988,,49.1980209350586,,,,,,,,,,,,,,,,,,,,,,33.646354675293,,,,,,,jazz
,,,,,1353.68382116338,,,,,,0.0549322070765661,0.0006188227513107,,,,,,,,144.355865478516,,,,55.6990585327148,386.529754638672,,,,,,,,,,,,,,,,,,,,,,,,,,,,,,,,,jazz
,,,,,,,,,,,,0.001890034027928,,,,,,,,,,,,,,,,,,,56.8017311096191,,,,,,,1.57847392559052,,,,,,,,-5.31226444244385,,,,,,,,,,,,jazz
,,,,,,,,,,,,0.0019758212007988,,,,,,,,,,-1.6747180223465,,,,,,-3.60054111480713,,,,,56.8457565307617,,,,,,,,,0.950734198093414,,,,,32.2286949157715,-5.94619035720825,,,,,,,,,,jazz
,,,,0.0004156598297413,,,,,,,,,,,,,,-156.618057250977,,,,10.4727487564087,238.537994384766,,,,,,,,,,,2.69306397438049,,,,,,,,,,,,2.32561326026917,,,,,,,,,115.069076538086,,,jazz
,0.224049150943756,,,,,,,,,,,,,,,,,,,,,,,,,13.1225299835205,,13.9366359710693,,,,,,,,,,,64.0698623657227,,,,,,,,,,,,,,,,,,,jazz
,0.487553924322128,,,,,,,,,,,,,,,,,-43.0472145080566,,,,,,,,,,,,,,,,,,22.0906867980957,,,,,,-13.1297264099121,36.2182350158691,12.2538318634033,,,,,,,,,,,,,,metal
,,,0.312847316265106,,2250.69984237668,96695.3919936951,,,,251200.504219521,0.0946472592807425,,,,-0.0003947863297071,,,,,,,,,,,,,,,,,,,,,,,,22.9329681396484,,,-12.99365234375,,,,,,,,,,,,,,,,metal
,,,,,,,,,,,0.171440342831593,0.0008140643631792,,,,,,,,,,,,,,,,16.5541896820068,,,,,,,,,,,,,,,,,,,,,,,,,,,,,,metal
,,,,,,,,,,,0.185252320185615,,,,,0.0011314144358038,,,,,,,,,,,,,,,,,,,,,,,,,,,,,48.5151138305664,,40.3181190490723,,42.8857498168945,,25.2994766235352,,,,,,,metal
,0.581032395362854,,,,,,,,,,,,,,,,,,,,,,,,,,69.1509628295898,,64.7583236694336,,,,,,,22.1312770843506,,,,,,,,,,-10.139253616333,,,,,,,,,,,,metal
,,,,,,,,,,764700.849654707,,,,,,,,-89.3101501464844,,,,,,,,,83.5679702758789,,92.31640625,,,26.2296371459961,,,,,,,,,,,27.9895324707031,3.76035213470459,,,,,,,,,,,,,,metal
,0.370018243789673,,,,,,,,,,0.106952097834493,,,,,0.0092810355126857,,,,,,,,66.3260650634766,,-30.2101211547852,,,,,,21.872127532959,,,32.369255065918,10.2768993377686,43.8932418823242,-14.1143932342529,,,,,,,,-5.78519439697266,,-5.86057376861572,45.8107795715332,,,,,,,,,metal
,,0.0683752149343491,,,,,,,,,,,,,,,,,,,,,,,,,,,,-25.1895809173584,,,,,,,,,31.4629745483398,17.5551338195801,,,30.9174575805664,,,,,,,,,8.43004512786865,,,,,,metal
,,,,,,,2118.66812559334,,5088.53904210774,,,0.0034896025187838,,,,,,-122.093589782715,,,,,,,,,,,358.036926269531,,,,,,,,,,,,,,,,,,,,,,,,,,,,,metal
,,,,,,,,,,,0.228380431892885,,,0.0240440182387829,,,,,,54.6764144897461,,,,,,,87.3349685668945,,,-15.8411626815796,71.9711990356445,,,,,,74.9933319091797,,,,,,,12.3087329864502,,,,,,,,,,,,,,metal
,,,,,2906.76667899668,,,,,,,,-5.2648442760983e-06,,,,,,,,,,,,,,,,,-12.5539455413818,,,,-10.2302417755127,55.3257789611816,,,,,,,,,,,,,7.72367143630981,,,,,,,,,,metal
,,,,,,,,37095.0190955084,,,,,,,,,,-58.2271614074707,,,,,,,,,,,,,,,,,,,,,,,26.6477699279785,,,,,,,,,,,,,,,,,metal
,,,,0.0005680932081304,,,,,,,,,,,,,107.666015625,,,,,,,,,,,,,,,,,,63.5170097351074,,,,,,,,,,,,,,,,,,,,,,,metal
,,,,,,,,,,,,,,,,,,,,,,,,,,,,29.4139423370361,,,,,,-14.235710144043,,,,,,,,,,,,,,,,,,,,,,,,metal
,,,,,,,,69751.983139305,,,,,-0.0005521301645785,,,,,,,106.374374389648,492.667633056641,,281.939300537109,,,,,,,,,,,,,,,,,,,,,5.76917695999146,,,,3.63373017311096,,,,,,,,,,metal
,,,,,,,,,,1324896.98520329,,,,,,,,,,,,,,,,,,,,,,,,,,,,,,,,,,,,,,,,,,,,,70.7131576538086,0.660749435424805,,metal
,0.480000168085098,,,,,,,,,,,,,,,,,,,,,,,,,,,,71.2499313354492,,,,,,,,,,,,,,,,,,,,,,,,,,,,,metal
,,,,,,,,,,,,,,,,,,,,,,,129.513031005859,,99.9868392944336,,,,,,,24.0824012756348,,,,,,,,,,,,5.92914867401123,,,,,,,,,,,,,,metal
,,,,,,290428.040493389,,,,,,,,,,,,,1024.44116210938,,,,270.363006591797,,,,,,121.757781982422,,,,,,,,,,,,,,,,,,,,,,,,,-7.04091882705688,,,,metal
,,,,,,,,,4748.25447949899,,,,,,,,,,,,209.239807128906,,,,,,,28.1564502716064,,,,,,,,,,,,,,,,,,,,,,,,,,,,,,metal
,0.389631390571594,,,,,1080266.53326662,,,,,0.126720124589134,,,,,,89.1029094827586,,,,,,,,,,,,224.811676025391,,,,161.96516418457,,,,125.692962646484,,,,,,,,,,,,,,,,,,,,,pop
,0.323219031095505,,,,,,,,,2637661.23276575,,,,,,,,,,,,,,,,,,,,,,,,,,-1.84453058242798,,,,,,,,,,,,,,,,,,,,,,pop
,,,,,,,,,,3155614.183052,,,,,,,,,,97.1560974121094,984.716247558594,,,,,,,,,,,,,,,,,,,,94.7514114379883,,,,,,,,,,,,,,,,,pop
,,,,,,,,,,,,,,,9.73117857938632e-06,,,,,,,,,20.2897720336914,155.431823730469,,156.54557800293,,,,,,,,,,,,,,,,,,59.9189453125,,,,,,,,52.6941452026367,,,,,pop
,,,,,,,,192137.074066339,,,,,,,,,,,,,,,,7.5217170715332,,,,,,1.91391611099243,,,,,,,98.0246429443359,,,-0.251124680042267,,,,,,,,,,,,,,,,,,pop
,,,0.196096524596214,,,,,,,,,,,,,0.0125306556001306,,,,,,,,,,,,4.40075159072876,,,149.949783325195,,,,,,,,,,,,,2.38077259063721,,1.77461230754852,,,,,,,78.7001647949219,,,,,pop
,,,,,,,,,,2884204.08811845,,,,,,,,,,,,,,,,,,,,,,,,,,2.44084978103638,,,,,,,50.5189552307129,,,,,,,,,,,,81.0964431762695,,,pop
,,,0.0979264229536057,,,,3404.42229223789,,,,,,,,,0.0046377475373446,,,,,,21.5180606842041,,,,,237.42057800293,,,,,,,,,,92.647346496582,,,,,,72.8099594116211,,,,,,48.5093688964844,,,,,,,,,pop
,,,,,,,,,,,,,,,,,,,,77.2915573120117,751.223388671875,,406.265502929688,,,6.75601577758789,192.133270263672,,,,,,,,,,,,,,,,,,,,,,63.0205192565918,,,,,,,,,pop
,,0.0893185585737228,,,,,,,,6048432.22307727,,,,,,,,,,81.1032104492188,,,,,,,246.322067260742,,,,,,,,,,,,,,,,,,,,,,,,,,,,,,,pop
,0.32267501950264,0.0899881273508072,,,,,,,,,,,,,,,,,,,,,,,,12.814507484436,,,368.865661621094,,,,,,,,152.350173950195,,,,,,,,132.270355224609,,,,,,,,100.717750549316,,,,,pop
,,,,,,,,264946.889871971,5624.08795633338,,,,,0.0235533118247986,,,161.4990234375,,,,,,,,,,,-28.4159107208252,,,,,,,,-4.61806297302246,,,,,,,,,,,,,,,,,,,278.392303466797,,,pop
,,,0.251980870962143,,,,,219790.206328198,,,,,,,,,,,6147.20166015625,,,,,,,,,,,13.4906320571899,,3.49504041671753,,,,,,,,,,,,,,,,,,,62.3808746337891,,,,,,,pop
,0.354197829961777,,,,,,,,,,,,,,,,,,,,,,,,,,,,,,,,,,,,,,,,,,,,,,,,,,,,,,,,,pop
,,0.0939345136284828,,,,,2931.30138970184,,6715.66980631888,,,,,0.0231680255383253,,,,,3183.15844726563,,,-1.69840228557587,,,,,,,,,,,,,,,,,,,87.925910949707,,,,,,,,,,,,71.7825164794922,,,,,pop
,0.454744964838028,0.0864610895514488,,,,,,,,,,,,,-0.0002494096115697,,,,,,,,,,,9.65146160125732,,,,,,,,,130.636627197266,,,,97.1225814819336,,,,,,,,,,,-1.86533164978027,50.9319610595703,,,,,,,pop
,,,,0.0082497522234916,,,,,7294.30178047056,3080600.5365104,,,,0.0202993173152208,,,,,3533.57763671875,,,,,,,,,,,,,,,,,2.83683013916016,,,,,,,,,,,112.164421081543,,,,,,,,,,,pop
,0.409009844064713,,,0.0094509404152631,,,,473893.79597301,,,,,,,1.33120174723445e-05,,,-112.444885253906,,,2329.6005859375,,,,,,,,,6.09943246841431,,,,,,,,,,,,,,,,,,,,,64.249870300293,,,-2.42799258232117,,,,pop
,,,,,,,,,,,,0.0059006738728633,,,-0.0003604055382311,,,,,,,,,,,,,,,,,,,,,,,,,,,,,,,,,,,,,,,,,,,pop
,,,,,3588.13314834924,,,,,,,,,,,,,,,55.773853302002,,,434.055694580078,,234.558731079102,,,,162.08512878418,,,,,,,,60.3579864501953,,,,,-7.62940549850464,,,,,,,,,,,,,,,,pop
,,,,,,,,,7255.46540793576,,,,,,,,,,,,,,,,,,,,,,,,,,,,,,,,,,,,,,,,,,,,,,,,,pop
,,,0.220590963959694,,,1254276.6890019,,,,,0.165640634063225,,,,,,,,,,,,,,,,165.843048095703,,,,,,,,120.816345214844,1.78278946876526,,,,,,,,,,,,,,,73.2816619873047,,,2.62285399436951,,,,pop
,,,,,,,,,,,,,,,,,,,,,,,,,332.044616699219,,,2.15465950965881,,,,,,,,,,-5.39932203292847,,,,,,-7.67166185379028,,,,,,,,-1.57233798503876,,,,,,pop
,,,,,,427414.586883706,,,,,,0.0017694716252478,,,,,,,,,,3.00488686561584,,,,,191.815521240234,,,,,,,,,,,,,,89.3375473022461,,102.177879333496,-2.55625247955322,,,61.9258499145508,,,,,,,,,,,reggae
,,,,,,,,,,,0.070276247099768,,,,,0.0030799626838415,,,,,522.155456542969,,630.540893554688,,,,,,,,,,,-11.5022449493408,,,,,77.4964828491211,,,,,,,,,,,-6.98645496368408,,,,,,,,reggae
,0.358512222766876,,,,,663610.724884463,,,,,,,,,,,,,,109.850555419922,,,,41.7998847961426,,,,,,,187.724456787109,,,,,,,,,,,,,,,,,,,,,,,,,,,reggae
,,,,0.0026859985664486,,,,,,,,,,,,,,,5140.4990234375,,,,,,,,,,,,,,,,,,,,,6.20622825622559,,,,,,,62.5013160705566,,57.4868774414063,-4.04006862640381,,,,,,,,reggae
,0.362441748380661,,,,,,,,,3096647.38470767,,,-0.001704984344542,,,,,,,,,,,,,,,,,,,,,,,,,,,,,,,,77.42822265625,,,,,,,2.05738949775696,,,,,,reggae
,0.458384215831757,,,,,,,211791.660573136,,,,0.0018031638061589,,,,0.0024883840233087,,,,,707.677185058594,,,,,,,24.6688423156738,251.153610229492,0.713012754917145,,,,,,,75.6500930786133,,,,,,,,,,,,37.781623840332,,,,,-3.63498473167419,,,,reggae
,,,,,,,,,,2768321.76847563,,,,,,,,-241.794052124023,,,,,,45.3456115722656,,,468.466400146484,,,,,,,,,,122.841018676758,,,,,,,,,,,,63.6093330383301,,,,,-6.17901992797852,,,,reggae
,,,,0.0018436611862853,,,,,,,,,,,,,,,,,,,,,,,,,,10.363938331604,,,,,,8.34118556976318,,,,,69.7649841308594,,,,,,,,,,,,,,,,,reggae
,,,,0.0021829777397215,,,,,,,,,,,,,,,,,,,,,,,,,,,,,,,,,,-2.14184880256653,,,,1.45978987216949,,,,,,,59.070686340332,,,,,,,,,reggae
,,,,,,,,,,,,,,,,,,-168.548385620117,,,,,647.511047363281,,,,,,128.257904052734,,,,77.780403137207,-1.36862170696259,,,84.4397964477539,,,,,,,,,,,,,,,,,1.51834905147552,,2.44922041893005,,reggae
,,,,0.0019663351122289,,,2361.40474853693,,,,,,,,,,,,,,,,,,,,,0.278448194265366,,,,,,,,,,,,,46.4566841125488,,,,38.5330123901367,,,,46.1352729797363,,,,,,,-0.0290120206773281,,reggae
,,,,,,,,,,3186197.50377196,,0.0031076576346968,,,5.09193778270856e-05,,,,,,,,,,,,,,,,,,,,,,156.927017211914,,,,,,,,,,,,,1.64044165611267,,,,1.13528048992157,76.8666229248047,,,reggae
,,,,,2456.13781213012,,,,,,,,-5.95429401073488e-06,,,,161.4990234375,,,,,,,,,,239.107940673828,,,,,,,,,,,,,,75.1518707275391,,,,,,,1.42584073543549,,,,,,,,,,reggae
,,,,,,,,,,,,,-2.86962335849239e-06,,,,143.5546875,,,,750.441101074219,,,,,,230.99284362793,,,,112.709106445313,,,,,,,,,,42.3853378295898,,,,,,,-0.659431397914886,37.0838775634766,,,,,,,,,reggae
,,0.0894632190465927,,,,,,,,,,,,,4.68013349745888e-05,0.0042509520426392,,,,,,,,,,,,,,,,,,-10.0328102111816,,,,,66.3847122192383,,,,,,,,,,,,,-0.845728695392609,43.074821472168,-4.65575838088989,,-4.78968858718872,,rock
,,,,,,,,,,,,,,,,,,-140.436874389648,,,,,,,,,,,,,,,,,,,,,,,,,,,,,,,,-6.4941201210022,,,,-2.56985211372375,,,,rock
,,,,,,47189.0361418576,,,,,,,,,,0.0086460495367646,,,,,,,,,,,,,,,,,,,,,,,,12.2520608901978,,,,,,,,,,,,,,,,,,rock
,,,,0.0037970391567796,,,,,,,,,,,,,,,,,,,,,,,,,,,128.337005615234,,,,,,,,,,,,,,,,,,,,,,,,,,,rock
,,,,,,,,,,2377174.26997001,,,,0.0106881484389305,,,,,,,,,,,216.239288330078,4.13223934173584,,,,,,,,,69.1698837280273,,,,,,,,,,,,51.1888542175293,,,,,,,,,,,rock
,,0.0927585139870644,,,,,,,,,,,,,,,,,,,,,,,,,,30.9410343170166,,,,22.8118286132813,,,,17.4924163818359,,,,,,-10.4442129135132,,,55.2541732788086,,,,41.539680480957,,,-1.27550899982452,,,,,,rock
,,,,,,,,,,,,,,0.0117544597014785,,,,,,115.201553344727,,,,,,,142.149673461914,,,,,,,,,,,,,,,,,,,-10.1658430099487,,,,,,,,,,,,rock
,,,,,2158.20604209137,,,,,,,,,,-0.0010349681833759,,,,,,,,,,,,185.122482299805,,,,,,59.2356071472168,,,,,,,,57.4738960266113,,,-2.25865173339844,,,,,,,,,,,,,,rock
,,0.078891858458519,0.173918724060059,,,,,,,,,,-0.0001207343229907,,,,,,,,,,388.255767822266,,,,,,,,,14.0142364501953,,,,,,,,,,,,,,,,4.44065713882446,,,,,,,,,,rock
,,,,,2320.30264307694,,2044.84970653453,,4466.38268561485,,,,,,,,,,,99.7070007324219,,,,,,-21.0121650695801,,,,-18.2737731933594,,,,-23.4417896270752,65.2746047973633,,,,,,,,,,,,,,,,,,,,,0.305382192134857,,rock
,,,0.126217439770699,,,,,,5302.98010168939,,,,,,,,,,,,,,623.702514648438,,,,,,,,,-3.44333815574646,,,,,,,,,,,,,,,,-2.21174502372742,,,,-1.00137114524841,,-0.492525190114975,,,,rock
,,,0.124158136546612,,1867.08239389933,,,,4270.51880166038,,,,,,,,,,,,582.870544433594,,,,,,,,,,,12.9777765274048,,,,,34.8001289367676,,,,,,,,,,,,,-0.0312918834388256,,,,,,,,rock
,0.361233770847321,,,,,,,,,,,,,,,,151.999080882353,,3892.0556640625,142.811614990234,,,,,,,,,,,,,41.8837623596191,,,-9.36110973358154,,,,,,,,,,,,,,,,,,,,,,rock
,,,,0.0023152059875428,,,,,,,,,,,,,,,9879.7724609375,116.14379119873,,,,,,,,,,,,7.79407739639282,,,,-3.01730298995972,,,,,,,,,,,,,,,,,,,,,,rock
,,,,,,,,,,,,,,,,,,,,,,,,,,,,,,,,,,,,,,,,,,,,,,,,,32.4267425537109,,,0.81402188539505,,,,,,rock
,0.360211253166199,,,,,,,,4575.11453650667,,,,,,,,,,,,,-21.2530059814453,,,,,,,,,,,,,,,,,,,,,62.4167213439941,,,,,,,,59.2969284057617,,,,54.7039413452148,,,rock
,0.408594340085983,,,,,,,,,,,,,,,,117.453835227273,,,,,,,,,-13.7655401229858,,,,,,,,,,,,,,,,,46.2262115478516,,,,42.6100006103516,,,,,,,,,,,rock
,,,,,,,,,,,,0.0017391199021864,,0.0085162846371531,,,,,,101.897018432617,,,,,,,,,,,,,,,51.3123016357422,,,,,,,-12.68239402771,,6.85668039321899,,,,,,,47.2036094665527,,,,,-3.27700567245483,,rock
,,,,0.001465922803618,,,,,,,,,3.72581041574449e-07,,,,,,,,709.818237304688,,,,,,154.709777832031,,,,,,,,,17.0499496459961,,,,,,,,4.20657205581665,,,,,,,,,,,,7.53899002075195,,rock
,,,,0.0010328927310183,,,,,,,,,,0.0043931901454925,,,,,,,,,,,115.158882141113,,,,,,,,,,,,,-19.6221351623535,,13.8757133483887,,-12.6177005767822,,,,,,,,,,,91.4554061889648,-3.77412176132202,,,,rock
,,,,,,,,105809.063147576,,,,,,,,,,,,,942.767395019531,,813.87255859375,,,,,,,,,,,,,,,-11.1386308670044,,,,,,,,,,,,,,,,,,,,rock
,,0.0890739262104034,,,,,,77068.7313616472,4889.40271081061,948307.242808626,,,-0.0017642645398154,,,,,,,,,-50.2632064819336,,,230.210845947266,,,,,,,,,-12.9482326507568,,,,,,,,,,,,,,,,,68.3759994506836,,,,,,,rock
,,,,,,,2249.8786697172,,5213.20846097375,,,,,,,,,,,86.208251953125,,,,,,,,,65.2577438354492,,,,,,,,,,,,,,,,,,,,,,,,,,180.240295410156,,,rock
,0.389312773942947,,,,,,,,,,,,,,,,112.34714673913,,,,,,,,,,,,,,,,,,,,,,,,,,,,,,,4.51465320587158,,,,,31.5304889678955,,,,,rock
,,0.0750856176018715,,,,,,,,,,,,,,,,,,,,,,,66.6742553710938,-8.37337589263916,,22.8820610046387,,-18.3159847259521,,,,,,,,-12.9793853759766,,,,-16.392993927002,,4.15439510345459,,,,,,,,,,-7.46149110794067,,,,rock
,,,,,,,,74717.1243937168,,,,,,,,,129.19921875,,,,,,290.302795410156,,,,77.2942810058594,,,,,,,,,10.12038230896,,-16.0376110076904,,10.4741134643555,,,,,,,,,,,,,,-12.5880699157715,42.5022010803223,,,rock
,,,,,,,,,,,,,,,,,,,,,,,518.708618164063,,,,,,,,,,,,,,,,79.3073654174805,,,,,,,,,,59.1677551269531,-7.06977462768555,,,,-2.02578258514404,,,,rock
